function K = LQR_VMC(L0)
%LQR_VMC
%    K = LQR_VMC(L0)

%    This function was generated by the Symbolic Math Toolbox version 24.2.
%    2025-03-06 18:54:48

t2 = L0.^2;
t3 = L0.^3;
mt1 = [L0.*(-6.872907789886621)-t2.*5.457675683582425e+1+t3.*1.074701793601458e+2+5.211453561492527e-2];
mt2 = [L0.*1.260373071299793e-1-t2.*1.132210555624933e-1-t3.*4.33118613303557e-1-9.475974865046182e-3];
mt3 = [L0.*(-6.00994284015874e-1)-t2.*9.955692208385793+t3.*1.019955936227959e+1+8.287764298604143e-3];
mt4 = [L0.*8.002846342680458e-3+t2.*1.572364677264972e-2-t3.*6.127268476816976e-2-1.134812337366974e-4];
mt5 = [L0.*(-6.301527033690293)-t2.*1.602932555480362e+1+t3.*6.312608357738351e+1+1.078993120543771e-1];
mt6 = [L0.*(-1.608783759069558e-2)+t2.*1.206506399857293e-1-t3.*4.689997778488467e-1+1.404882249353011e-2];
mt7 = [L0.*(-4.639497556312297)-t2.*1.378501869745531e+1+t3.*4.448239965870724e+1+6.241955000640232e-2];
mt8 = [L0.*7.683366914595872e-2-t2.*3.747259898972041e-1+t3.*6.664604904791962e-1+1.275440763851879e-3];
mt9 = [L0.*(-5.485012729646993e+1)+t2.*2.976195973775989e+2-t3.*6.40798527472962e+2+5.146951510395948];
mt10 = [L0.*2.184430369401781-t2.*1.410891960067624e+1+t3.*3.304487642610489e+1+6.577966052633714];
mt11 = [L0.*(-1.001067383026334)+t2.*5.569697093638396-t3.*1.219199632788551e+1+9.924669062969591e-2];
mt12 = [L0.*1.317909849096327e-2-t2.*8.358877669083359e-2+t3.*1.947937364862366e-1+1.276913842953034e-1];
K = reshape([mt1,mt2,mt3,mt4,mt5,mt6,mt7,mt8,mt9,mt10,mt11,mt12],2,6);
end
