function K = lqr_K(L0)
%lqr_K
%    K = lqr_K(L0)

%    This function was generated by the Symbolic Math Toolbox version 24.2.
%    2025-03-27 20:23:38

t2 = L0.^2;
t3 = L0.^3;
mt1 = [L0.*1.688213860996153e+1-t2.*3.658794293877106e+2+t3.*4.525614000424366e+2-4.340711420170987e-1];
mt2 = [L0.*6.431408797821702e-1-t2.*1.825025948252346+t3.*9.674539384542247e-2-9.246818633304421e-2];
mt3 = [L0.*6.07622894706507e-1-t2.*2.179927305881748e+1+t3.*8.143158026008287-1.334834341619105e-2];
mt4 = [L0.*(-1.87695603451456e-2)+t2.*2.215743959069826e-1-t3.*8.607495958888748e-1-2.345860154463339e-5];
mt5 = [L0.*3.331601020650873-t2.*9.102547162239735e+1+t3.*2.979335617200692e+2-9.625155932184402e-2];
mt6 = [L0.*1.184555233544399-t2.*9.067243148113592+t3.*2.44921835741138e+1-6.133375582791843e-2];
mt7 = [L0.*3.368429524259618e+1-t2.*9.230174312194448e+2+t3.*3.02022166182336e+3-9.834226187800869e-1];
mt8 = [L0.*1.231133893297585e+1-t2.*9.452030304536588e+1+t3.*2.559431130248197e+2-6.344849342572256e-1];
mt9 = [L0.*(-2.111500749467859)+t2.*7.524616295355597e+1-t3.*2.433286649142167e+2+2.045054064815404e-1];
mt10 = [L0.*(-2.512867928993865)+t2.*2.058459401864136e+1-t3.*5.863173680640661e+1+2.054338118334335e-1];
mt11 = [L0.*(-2.545230239667457e-2)+t2.*1.973728735475235-t3.*8.403694774651452+5.146334871285699e-2];
mt12 = [L0.*(-4.566286907438221e-2)+t2.*3.5973029411522e-1-t3.*9.712542073253125e-1+5.227073556249121e-2];
K = reshape([mt1,mt2,mt3,mt4,mt5,mt6,mt7,mt8,mt9,mt10,mt11,mt12],2,6);
end
